--------------- 
episode: 19970
[[ 0.  0.  0.]
 [ 0.  0.  0.]
 [ 0.  0.  0.]]
[[ 0.34376  0.34286  0.3441 ]
 [ 0.34135  0.34458  0.34122]
 [ 0.34451  0.34337  0.34455]]
[[ 0.  0.  0.]
 [ 0.  2.  0.]
 [ 0.  0.  0.]]
[[-0.31848 -0.30778 -0.36835]
 [-0.31496  0.      -0.33814]
 [-0.25134 -0.30093 -0.38194]]
[[ 0.  0.  0.]
 [ 0.  2.  0.]
 [ 1.  0.  0.]]
[[ 0.32079  0.31707  0.31986]
 [ 0.31995  0.       0.31765]
 [ 0.       0.31974  0.31976]]
[[ 2.  0.  0.]
 [ 0.  2.  0.]
 [ 1.  0.  0.]]
[[ 0.      -0.08304 -0.09246]
 [-0.06477  0.      -0.06477]
 [ 0.      -0.0679  -0.06462]]
[[ 2.  0.  0.]
 [ 0.  2.  0.]
 [ 1.  0.  1.]]
[[ 0.       0.25848  0.2699 ]
 [ 0.24764  0.       0.25883]
 [ 0.       0.28661  0.     ]]
[[ 2.  0.  0.]
 [ 0.  2.  0.]
 [ 1.  2.  1.]]
[[ 0.      -0.05946 -0.06953]
 [-0.08031  0.      -0.08031]
 [ 0.       0.       0.     ]]
[[ 2.  1.  0.]
 [ 0.  2.  0.]
 [ 1.  2.  1.]]
[[ 0.       0.       0.2583 ]
 [ 0.25943  0.       0.25982]
 [ 0.       0.       0.     ]]
[[ 2.  1.  0.]
 [ 0.  2.  2.]
 [ 1.  2.  1.]]
[[ 0.       0.       0.05089]
 [ 0.06431  0.       0.     ]
 [ 0.       0.       0.     ]]
[[ 2.  1.  0.]
 [ 1.  2.  2.]
 [ 1.  2.  1.]]
[[ 0.  0.  0.]
 [ 0.  0.  0.]
 [ 0.  0.  0.]]
Draw!
[[ 2.  1.  2.]
 [ 1.  2.  2.]
 [ 1.  2.  1.]]
--------------- 
episode: 19971
[[ 0.  0.  0.]
 [ 0.  0.  0.]
 [ 0.  0.  0.]]
[[ 0.34376  0.34287  0.3441 ]
 [ 0.34136  0.34456  0.34122]
 [ 0.34451  0.34338  0.34455]]
[[ 0.  0.  0.]
 [ 0.  2.  0.]
 [ 0.  0.  0.]]
[[-0.31846 -0.30777 -0.36834]
 [-0.31494  0.      -0.33813]
 [-0.25129 -0.30091 -0.38194]]
[[ 0.  0.  0.]
 [ 0.  2.  0.]
 [ 1.  0.  0.]]
[[ 0.32025  0.31709  0.31987]
 [ 0.31995  0.       0.31767]
 [ 0.       0.31974  0.31977]]
[[ 2.  0.  0.]
 [ 0.  2.  0.]
 [ 1.  0.  0.]]
[[ 0.      -0.0825  -0.09187]
 [-0.06411  0.      -0.06411]
 [ 0.      -0.06745 -0.06448]]
[[ 2.  0.  0.]
 [ 0.  2.  1.]
 [ 1.  0.  0.]]
[[ 0.       1.3951   1.41933]
 [ 1.34629  0.       0.     ]
 [ 0.       1.46603  1.4264 ]]
[[ 2.  0.  0.]
 [ 0.  2.  1.]
 [ 1.  2.  0.]]
[[ 0.       0.05898  0.06066]
 [ 0.06066  0.       0.     ]
 [ 0.       0.       0.11736]]
[[ 2.  0.  0.]
 [ 0.  2.  1.]
 [ 1.  2.  1.]]
[[ 0.       1.18341  1.1385 ]
 [ 1.00019  0.       0.     ]
 [ 0.       0.       0.     ]]
You Lose!
[[ 2.  2.  0.]
 [ 0.  2.  1.]
 [ 1.  2.  1.]]
--------------- 
episode: 19972
[[ 0.  0.  0.]
 [ 0.  0.  0.]
 [ 0.  0.  0.]]
[[ 0.34377  0.34288  0.3441 ]
 [ 0.34137  0.3446   0.34123]
 [ 0.34452  0.34338  0.34455]]
[[ 0.  0.  0.]
 [ 0.  1.  0.]
 [ 0.  0.  0.]]
[[-0.36827 -0.32999 -0.26302]
 [-0.30573  0.      -0.32665]
 [-0.38389 -0.33156 -0.37906]]
[[ 0.  0.  2.]
 [ 0.  1.  0.]
 [ 0.  0.  0.]]
[[ 0.33529  0.33456  0.     ]
 [ 0.33446  0.       0.33459]
 [ 0.33421  0.33358  0.33465]]
[[ 1.  0.  2.]
 [ 0.  1.  0.]
 [ 0.  0.  0.]]
[[ 0.      -0.09928  0.     ]
 [-0.08872  0.      -0.08589]
 [-0.10347 -0.09545 -0.07468]]
[[ 1.  0.  2.]
 [ 0.  1.  0.]
 [ 0.  0.  2.]]
[[ 0.       0.27357  0.     ]
 [ 0.25189  0.       0.29152]
 [ 0.25189  0.26168  0.     ]]
[[ 1.  0.  2.]
 [ 0.  1.  1.]
 [ 0.  0.  2.]]
[[ 0.      -0.07426  0.     ]
 [-0.05689  0.       0.     ]
 [-0.05653 -0.06991  0.     ]]
[[ 1.  0.  2.]
 [ 0.  1.  1.]
 [ 2.  0.  2.]]
[[ 0.       1.28215  0.     ]
 [ 1.44194  0.       0.     ]
 [ 0.       1.44194  0.     ]]
[[ 1.  0.  2.]
 [ 0.  1.  1.]
 [ 2.  1.  2.]]
[[ 0.      -0.27831  0.     ]
 [-0.36219  0.       0.     ]
 [ 0.       0.       0.     ]]
[[ 1.  2.  2.]
 [ 0.  1.  1.]
 [ 2.  1.  2.]]
[[ 0.  0.  0.]
 [ 1.  0.  0.]
 [ 0.  0.  0.]]
You Win!
[[ 1.  2.  2.]
 [ 1.  1.  1.]
 [ 2.  1.  2.]]
--------------- 
episode: 19973
[[ 0.  0.  0.]
 [ 0.  0.  0.]
 [ 0.  0.  0.]]
[[ 0.34377  0.34288  0.3441 ]
 [ 0.34137  0.34464  0.34123]
 [ 0.34452  0.34339  0.34456]]
[[ 0.  0.  0.]
 [ 0.  1.  0.]
 [ 0.  0.  0.]]
[[-0.36826 -0.32998 -0.26316]
 [-0.30571  0.      -0.32663]
 [-0.38389 -0.33155 -0.37905]]
[[ 0.  0.  2.]
 [ 0.  1.  0.]
 [ 0.  0.  0.]]
[[ 0.33639  0.33457  0.     ]
 [ 0.33448  0.       0.3346 ]
 [ 0.33422  0.3336   0.33466]]
[[ 1.  0.  2.]
 [ 0.  1.  0.]
 [ 0.  0.  0.]]
[[ 0.      -0.09866  0.     ]
 [-0.08816  0.      -0.08549]
 [-0.10283 -0.09485 -0.07673]]
[[ 1.  0.  2.]
 [ 0.  1.  0.]
 [ 0.  0.  2.]]
[[ 0.       0.27461  0.     ]
 [ 0.25285  0.       0.29347]
 [ 0.25285  0.26254  0.     ]]
[[ 1.  0.  2.]
 [ 0.  1.  1.]
 [ 0.  0.  2.]]
[[ 0.      -0.07334  0.     ]
 [-0.05666  0.       0.     ]
 [-0.08814 -0.06906  0.     ]]
[[ 1.  0.  2.]
 [ 2.  1.  1.]
 [ 0.  0.  2.]]
[[ 0.       0.27229  0.     ]
 [ 0.       0.       0.     ]
 [ 0.27285  0.27319  0.     ]]
[[ 1.  0.  2.]
 [ 2.  1.  1.]
 [ 0.  1.  2.]]
[[ 0.       0.06905  0.     ]
 [ 0.       0.       0.     ]
 [ 0.0579   0.       0.     ]]
[[ 1.  2.  2.]
 [ 2.  1.  1.]
 [ 0.  1.  2.]]
[[ 0.  0.  0.]
 [ 0.  0.  0.]
 [ 0.  0.  0.]]
Draw!
[[ 1.  2.  2.]
 [ 2.  1.  1.]
 [ 1.  1.  2.]]
--------------- 
episode: 19974
[[ 0.  0.  0.]
 [ 0.  0.  0.]
 [ 0.  0.  0.]]
[[ 0.34377  0.34289  0.34411]
 [ 0.34138  0.34462  0.34124]
 [ 0.34452  0.34339  0.34456]]
[[ 0.  0.  0.]
 [ 0.  2.  0.]
 [ 0.  0.  0.]]
[[-0.31845 -0.30775 -0.36833]
 [-0.31493  0.      -0.33812]
 [-0.25143 -0.30089 -0.38193]]
[[ 0.  0.  0.]
 [ 0.  2.  0.]
 [ 1.  0.  0.]]
[[ 0.32138  0.3171   0.31988]
 [ 0.31996  0.       0.31769]
 [ 0.       0.31975  0.31978]]
[[ 2.  0.  0.]
 [ 0.  2.  0.]
 [ 1.  0.  0.]]
[[ 0.      -0.08196 -0.09127]
 [-0.06344  0.      -0.099  ]
 [ 0.      -0.06701 -0.0644 ]]
[[ 2.  0.  0.]
 [ 1.  2.  0.]
 [ 1.  0.  0.]]
[[ 0.       1.54433  1.46603]
 [ 0.       0.       1.34629]
 [ 0.       1.54433  1.54433]]
[[ 2.  2.  0.]
 [ 1.  2.  0.]
 [ 1.  0.  0.]]
[[ 0.       0.       0.03645]
 [ 0.       0.       0.03645]
 [ 0.       0.03645  0.025  ]]
[[ 2.  2.  0.]
 [ 1.  2.  1.]
 [ 1.  0.  0.]]
[[ 0.       0.       1.83332]
 [ 0.       0.       0.     ]
 [ 0.       2.24225  2.24225]]
You Lose!
[[ 2.  2.  0.]
 [ 1.  2.  1.]
 [ 1.  2.  0.]]
--------------- 
episode: 19975
[[ 0.  0.  0.]
 [ 0.  0.  0.]
 [ 0.  0.  0.]]
[[ 0.34378  0.34289  0.34411]
 [ 0.34138  0.34466  0.34124]
 [ 0.34453  0.3434   0.34456]]
[[ 0.  0.  0.]
 [ 0.  2.  0.]
 [ 0.  0.  0.]]
[[-0.31843 -0.30773 -0.36833]
 [-0.31491  0.      -0.33811]
 [-0.25157 -0.30087 -0.38193]]
[[ 0.  0.  0.]
 [ 0.  2.  0.]
 [ 1.  0.  0.]]
[[ 0.32251  0.31712  0.31989]
 [ 0.31996  0.       0.3177 ]
 [ 0.       0.31975  0.31979]]
[[ 2.  0.  0.]
 [ 0.  2.  0.]
 [ 1.  0.  0.]]
[[ 0.      -0.08142 -0.09068]
 [-0.09836  0.      -0.09836]
 [ 0.      -0.06656 -0.06433]]
[[ 2.  0.  0.]
 [ 0.  2.  0.]
 [ 1.  0.  1.]]
[[ 0.       0.25955  0.27083]
 [ 0.24866  0.       0.25962]
 [ 0.       0.28587  0.     ]]
[[ 2.  0.  0.]
 [ 0.  2.  0.]
 [ 1.  2.  1.]]
[[ 0.      -0.05925 -0.06836]
 [-0.07944  0.      -0.07944]
 [ 0.       0.       0.     ]]
[[ 2.  1.  0.]
 [ 0.  2.  0.]
 [ 1.  2.  1.]]
[[ 0.       0.       0.25855]
 [ 0.2596   0.       0.2588 ]
 [ 0.       0.       0.     ]]
[[ 2.  1.  0.]
 [ 2.  2.  0.]
 [ 1.  2.  1.]]
[[ 0.       0.       0.05318]
 [ 0.       0.       0.06403]
 [ 0.       0.       0.     ]]
[[ 2.  1.  0.]
 [ 2.  2.  1.]
 [ 1.  2.  1.]]
[[ 0.  0.  0.]
 [ 0.  0.  0.]
 [ 0.  0.  0.]]
Draw!
[[ 2.  1.  2.]
 [ 2.  2.  1.]
 [ 1.  2.  1.]]
--------------- 
episode: 19976
[[ 0.  0.  0.]
 [ 0.  0.  0.]
 [ 0.  0.  0.]]
[[ 0.34378  0.3429   0.34411]
 [ 0.34139  0.34464  0.34125]
 [ 0.34453  0.3434   0.34456]]
[[ 0.  0.  0.]
 [ 0.  2.  0.]
 [ 0.  0.  0.]]
[[-0.31841 -0.30771 -0.36832]
 [-0.31489  0.      -0.33809]
 [-0.25152 -0.30085 -0.38192]]
[[ 0.  0.  0.]
 [ 0.  2.  0.]
 [ 1.  0.  0.]]
[[ 0.32198  0.31714  0.3199 ]
 [ 0.31996  0.       0.31772]
 [ 0.       0.31976  0.31979]]
[[ 2.  0.  0.]
 [ 0.  2.  0.]
 [ 1.  0.  0.]]
[[ 0.      -0.08088 -0.09008]
 [-0.09772  0.      -0.09772]
 [ 0.      -0.06612 -0.06419]]
[[ 2.  0.  0.]
 [ 0.  2.  0.]
 [ 1.  0.  1.]]
[[ 0.       0.26061  0.27177]
 [ 0.24967  0.       0.2604 ]
 [ 0.       0.28512  0.     ]]
[[ 2.  0.  0.]
 [ 0.  2.  0.]
 [ 1.  2.  1.]]
[[ 0.      -0.05905 -0.0672 ]
 [-0.07857  0.      -0.07857]
 [ 0.       0.       0.     ]]
[[ 2.  1.  0.]
 [ 0.  2.  0.]
 [ 1.  2.  1.]]
[[ 0.       0.       0.25881]
 [ 0.25857  0.       0.25897]
 [ 0.       0.       0.     ]]
[[ 2.  1.  0.]
 [ 0.  2.  2.]
 [ 1.  2.  1.]]
[[ 0.       0.       0.05318]
 [ 0.06403  0.       0.     ]
 [ 0.       0.       0.     ]]
[[ 2.  1.  0.]
 [ 1.  2.  2.]
 [ 1.  2.  1.]]
[[ 0.  0.  0.]
 [ 0.  0.  0.]
 [ 0.  0.  0.]]
Draw!
[[ 2.  1.  2.]
 [ 1.  2.  2.]
 [ 1.  2.  1.]]
--------------- 
episode: 19977
[[ 0.  0.  0.]
 [ 0.  0.  0.]
 [ 0.  0.  0.]]
[[ 0.34378  0.3429   0.34411]
 [ 0.3414   0.34462  0.34126]
 [ 0.34453  0.34341  0.34457]]
[[ 0.  0.  0.]
 [ 0.  2.  0.]
 [ 0.  0.  0.]]
[[-0.3184  -0.30769 -0.36831]
 [-0.31488  0.      -0.33808]
 [-0.25148 -0.30083 -0.38192]]
[[ 0.  0.  0.]
 [ 0.  2.  0.]
 [ 1.  0.  0.]]
[[ 0.32144  0.31716  0.31992]
 [ 0.31997  0.       0.31774]
 [ 0.       0.31976  0.3198 ]]
[[ 2.  0.  0.]
 [ 0.  2.  0.]
 [ 1.  0.  0.]]
[[ 0.      -0.08034 -0.08949]
 [-0.09709  0.      -0.09709]
 [ 0.      -0.06567 -0.06405]]
[[ 2.  0.  0.]
 [ 0.  2.  0.]
 [ 1.  0.  1.]]
[[ 0.       0.26166  0.2727 ]
 [ 0.25069  0.       0.26118]
 [ 0.       0.28439  0.     ]]
[[ 2.  0.  0.]
 [ 0.  2.  0.]
 [ 1.  2.  1.]]
[[ 0.      -0.05885 -0.06604]
 [-0.0777   0.      -0.0777 ]
 [ 0.       0.       0.     ]]
[[ 2.  1.  0.]
 [ 0.  2.  0.]
 [ 1.  2.  1.]]
[[ 0.       0.       0.25906]
 [ 0.25874  0.       0.25796]
 [ 0.       0.       0.     ]]
[[ 2.  1.  2.]
 [ 0.  2.  0.]
 [ 1.  2.  1.]]
[[ 0.       0.       0.     ]
 [ 0.26063  0.       0.26063]
 [ 0.       0.       0.     ]]
[[ 2.  1.  2.]
 [ 0.  2.  1.]
 [ 1.  2.  1.]]
[[ 0.  0.  0.]
 [ 0.  0.  0.]
 [ 0.  0.  0.]]
Draw!
[[ 2.  1.  2.]
 [ 2.  2.  1.]
 [ 1.  2.  1.]]
--------------- 
episode: 19978
[[ 0.  0.  0.]
 [ 0.  0.  0.]
 [ 0.  0.  0.]]
[[ 0.34379  0.34291  0.34412]
 [ 0.3414   0.34459  0.34126]
 [ 0.34453  0.34342  0.34457]]
[[ 0.  0.  0.]
 [ 0.  2.  0.]
 [ 0.  0.  0.]]
[[-0.31838 -0.30767 -0.36831]
 [-0.31486  0.      -0.33807]
 [-0.25143 -0.30081 -0.38191]]
[[ 0.  0.  0.]
 [ 0.  2.  0.]
 [ 1.  0.  0.]]
[[ 0.32091  0.31717  0.31993]
 [ 0.31997  0.       0.31775]
 [ 0.       0.31976  0.31981]]
[[ 2.  0.  0.]
 [ 0.  2.  0.]
 [ 1.  0.  0.]]
[[ 0.      -0.0798  -0.0889 ]
 [-0.09645  0.      -0.09645]
 [ 0.      -0.06523 -0.06392]]
[[ 2.  0.  0.]
 [ 0.  2.  0.]
 [ 1.  0.  1.]]
[[ 0.       0.26272  0.27364]
 [ 0.2517   0.       0.26197]
 [ 0.       0.28365  0.     ]]
[[ 2.  0.  0.]
 [ 0.  2.  0.]
 [ 1.  2.  1.]]
[[ 0.      -0.05866 -0.06489]
 [-0.07684  0.      -0.07684]
 [ 0.       0.       0.     ]]
[[ 2.  1.  0.]
 [ 0.  2.  0.]
 [ 1.  2.  1.]]
[[ 0.       0.       0.25729]
 [ 0.2589   0.       0.25812]
 [ 0.       0.       0.     ]]
[[ 2.  1.  0.]
 [ 2.  2.  0.]
 [ 1.  2.  1.]]
[[ 0.       0.       0.05546]
 [ 0.       0.       0.06375]
 [ 0.       0.       0.     ]]
[[ 2.  1.  0.]
 [ 2.  2.  1.]
 [ 1.  2.  1.]]
[[ 0.  0.  0.]
 [ 0.  0.  0.]
 [ 0.  0.  0.]]
Draw!
[[ 2.  1.  2.]
 [ 2.  2.  1.]
 [ 1.  2.  1.]]
--------------- 
episode: 19979
[[ 0.  0.  0.]
 [ 0.  0.  0.]
 [ 0.  0.  0.]]
[[ 0.34379  0.34292  0.34412]
 [ 0.34141  0.34457  0.34127]
 [ 0.34454  0.34342  0.34457]]
[[ 0.  0.  0.]
 [ 0.  2.  0.]
 [ 0.  0.  0.]]
[[-0.31836 -0.30765 -0.3683 ]
 [-0.31484  0.      -0.33806]
 [-0.25139 -0.30079 -0.38191]]
[[ 0.  0.  0.]
 [ 0.  2.  0.]
 [ 1.  0.  0.]]
[[ 0.32038  0.31719  0.31994]
 [ 0.31998  0.       0.31777]
 [ 0.       0.31977  0.31982]]
[[ 2.  0.  0.]
 [ 0.  2.  0.]
 [ 1.  0.  0.]]
[[ 0.      -0.07926 -0.08831]
 [-0.09582  0.      -0.09582]
 [ 0.      -0.06478 -0.06378]]
[[ 2.  0.  0.]
 [ 0.  2.  0.]
 [ 1.  0.  1.]]
[[ 0.       0.26378  0.27457]
 [ 0.25271  0.       0.26275]
 [ 0.       0.28292  0.     ]]
[[ 2.  0.  0.]
 [ 0.  2.  0.]
 [ 1.  2.  1.]]
[[ 0.      -0.05846 -0.06373]
 [-0.07597  0.      -0.07597]
 [ 0.       0.       0.     ]]
[[ 2.  1.  0.]
 [ 0.  2.  0.]
 [ 1.  2.  1.]]
[[ 0.       0.       0.25754]
 [ 0.25788  0.       0.25828]
 [ 0.       0.       0.     ]]
[[ 2.  1.  0.]
 [ 0.  2.  2.]
 [ 1.  2.  1.]]
[[ 0.       0.       0.05546]
 [ 0.06375  0.       0.     ]
 [ 0.       0.       0.     ]]
[[ 2.  1.  0.]
 [ 1.  2.  2.]
 [ 1.  2.  1.]]
[[ 0.  0.  0.]
 [ 0.  0.  0.]
 [ 0.  0.  0.]]
Draw!
[[ 2.  1.  2.]
 [ 1.  2.  2.]
 [ 1.  2.  1.]]
--------------- 
episode: 19980
[[ 0.  0.  0.]
 [ 0.  0.  0.]
 [ 0.  0.  0.]]
[[ 0.34379  0.34292  0.34412]
 [ 0.34141  0.34455  0.34127]
 [ 0.34454  0.34343  0.34457]]
[[ 0.  0.  0.]
 [ 0.  0.  0.]
 [ 0.  0.  1.]]
[[-0.0656  -0.0505  -0.05723]
 [-0.07819  0.01335 -0.04253]
 [-0.08079 -0.06974  0.     ]]
[[ 0.  0.  0.]
 [ 0.  2.  0.]
 [ 0.  0.  1.]]
[[ 0.39311  0.29795  0.377  ]
 [ 0.38993  0.       0.39401]
 [ 0.41365  0.39706  0.     ]]
[[ 0.  0.  0.]
 [ 0.  2.  0.]
 [ 1.  0.  1.]]
[[ 0.4434   0.26241  0.26241]
 [ 0.35718  0.       0.26241]
 [ 0.       0.49886  0.     ]]
[[ 0.  0.  0.]
 [ 0.  2.  0.]
 [ 1.  2.  1.]]
[[ 0.46667  0.52562  0.45297]
 [ 0.57462  0.       0.45297]
 [ 0.       0.       0.     ]]
[[ 0.  0.  0.]
 [ 1.  2.  0.]
 [ 1.  2.  1.]]
[[ 1.08253  2.08253  0.08253]
 [ 0.       0.       2.08253]
 [ 0.       0.       0.     ]]
[[ 0.  0.  0.]
 [ 1.  2.  2.]
 [ 1.  2.  1.]]
[[ 1.83332  2.357   -0.16667]
 [ 0.       0.       0.     ]
 [ 0.       0.       0.     ]]
[[ 0.  1.  0.]
 [ 1.  2.  2.]
 [ 1.  2.  1.]]
[[ 1.25  0.    0.25]
 [ 0.    0.    0.  ]
 [ 0.    0.    0.  ]]
[[ 2.  1.  0.]
 [ 1.  2.  2.]
 [ 1.  2.  1.]]
[[ 0.  0.  0.]
 [ 0.  0.  0.]
 [ 0.  0.  0.]]
Draw!
[[ 2.  1.  1.]
 [ 1.  2.  2.]
 [ 1.  2.  1.]]
--------------- 
episode: 19981
[[ 0.  0.  0.]
 [ 0.  0.  0.]
 [ 0.  0.  0.]]
[[ 0.34379  0.34293  0.34412]
 [ 0.34142  0.34455  0.34128]
 [ 0.34454  0.34343  0.34412]]
[[ 0.  0.  0.]
 [ 0.  2.  0.]
 [ 0.  0.  0.]]
[[-0.31835 -0.30764 -0.36829]
 [-0.31482  0.      -0.33804]
 [-0.25134 -0.30077 -0.3819 ]]
[[ 0.  0.  0.]
 [ 0.  2.  0.]
 [ 1.  0.  0.]]
[[ 0.31986  0.31721  0.31995]
 [ 0.31998  0.       0.31778]
 [ 0.       0.31977  0.31983]]
[[ 0.  0.  0.]
 [ 2.  2.  0.]
 [ 1.  0.  0.]]
[[-0.18195 -0.18356 -0.18356]
 [ 0.       0.      -0.18103]
 [ 0.      -0.18926 -0.1824 ]]
[[ 0.  0.  0.]
 [ 2.  2.  1.]
 [ 1.  0.  0.]]
[[ 0.2913   0.31418  0.31305]
 [ 0.       0.       0.     ]
 [ 0.       0.31407  0.31414]]
[[ 0.  2.  0.]
 [ 2.  2.  1.]
 [ 1.  0.  0.]]
[[ 0.14022  0.       0.15658]
 [ 0.       0.       0.     ]
 [ 0.       0.15321  0.11387]]
[[ 0.  2.  1.]
 [ 2.  2.  1.]
 [ 1.  0.  0.]]
[[ 1.4845   0.       0.     ]
 [ 0.       0.       0.     ]
 [ 0.       1.52486  1.52486]]
You Lose!
[[ 0.  2.  1.]
 [ 2.  2.  1.]
 [ 1.  2.  0.]]
--------------- 
episode: 19982
[[ 0.  0.  0.]
 [ 0.  0.  0.]
 [ 0.  0.  0.]]
[[ 0.3438   0.34293  0.34413]
 [ 0.34143  0.34459  0.34128]
 [ 0.34455  0.34344  0.34413]]
[[ 0.  0.  0.]
 [ 0.  1.  0.]
 [ 0.  0.  0.]]
[[-0.36826 -0.32996 -0.26311]
 [-0.30569  0.      -0.32662]
 [-0.38389 -0.33153 -0.37905]]
[[ 0.  0.  2.]
 [ 0.  1.  0.]
 [ 0.  0.  0.]]
[[ 0.33584  0.33457  0.     ]
 [ 0.3345   0.       0.3346 ]
 [ 0.33423  0.33362  0.33467]]
[[ 1.  0.  2.]
 [ 0.  1.  0.]
 [ 0.  0.  0.]]
[[ 0.      -0.09804  0.     ]
 [-0.0876   0.      -0.08509]
 [-0.10219 -0.09425 -0.07656]]
[[ 1.  0.  2.]
 [ 0.  1.  0.]
 [ 0.  0.  2.]]
[[ 0.       0.27564  0.     ]
 [ 0.2538   0.       0.29266]
 [ 0.2538   0.2634   0.     ]]
[[ 1.  0.  2.]
 [ 0.  1.  1.]
 [ 0.  0.  2.]]
[[ 0.      -0.07242  0.     ]
 [-0.05646  0.       0.     ]
 [-0.08702 -0.0682   0.     ]]
[[ 1.  0.  2.]
 [ 2.  1.  1.]
 [ 0.  0.  2.]]
[[ 0.       0.27248  0.     ]
 [ 0.       0.       0.     ]
 [ 0.27315  0.27201  0.     ]]
[[ 1.  0.  2.]
 [ 2.  1.  1.]
 [ 1.  0.  2.]]
[[ 0.       0.25918  0.     ]
 [ 0.       0.       0.     ]
 [ 0.       0.26352  0.     ]]
[[ 1.  0.  2.]
 [ 2.  1.  1.]
 [ 1.  2.  2.]]
[[ 0.  0.  0.]
 [ 0.  0.  0.]
 [ 0.  0.  0.]]
Draw!
[[ 1.  1.  2.]
 [ 2.  1.  1.]
 [ 1.  2.  2.]]
--------------- 
episode: 19983
[[ 0.  0.  0.]
 [ 0.  0.  0.]
 [ 0.  0.  0.]]
[[ 0.3438   0.34294  0.34413]
 [ 0.34143  0.34457  0.34129]
 [ 0.34455  0.34344  0.34413]]
[[ 0.  0.  0.]
 [ 0.  2.  0.]
 [ 0.  0.  0.]]
[[-0.31833 -0.30762 -0.36828]
 [-0.31481  0.      -0.33803]
 [-0.25148 -0.30075 -0.3819 ]]
[[ 0.  0.  0.]
 [ 0.  2.  0.]
 [ 1.  0.  0.]]
[[ 0.31987  0.31722  0.31996]
 [ 0.32041  0.       0.3178 ]
 [ 0.       0.31977  0.31983]]
[[ 0.  0.  0.]
 [ 2.  2.  0.]
 [ 1.  0.  0.]]
[[-0.18177 -0.18337 -0.18337]
 [ 0.       0.      -0.18166]
 [ 0.      -0.18909 -0.18226]]
[[ 0.  0.  0.]
 [ 2.  2.  1.]
 [ 1.  0.  0.]]
[[ 0.29158  0.31781  0.31318]
 [ 0.       0.       0.     ]
 [ 0.       0.31411  0.31417]]
[[ 0.  2.  0.]
 [ 2.  2.  1.]
 [ 1.  0.  0.]]
[[ 0.14259  0.       0.09502]
 [ 0.       0.       0.     ]
 [ 0.       0.15381  0.11586]]
[[ 0.  2.  0.]
 [ 2.  2.  1.]
 [ 1.  1.  0.]]
[[ 0.26212  0.       0.21212]
 [ 0.       0.       0.     ]
 [ 0.       0.       0.25953]]
[[ 2.  2.  0.]
 [ 2.  2.  1.]
 [ 1.  1.  0.]]
[[ 0.       0.       1.12132]
 [ 0.       0.       0.     ]
 [ 0.       0.       1.26316]]
You Win!
[[ 2.  2.  0.]
 [ 2.  2.  1.]
 [ 1.  1.  1.]]
--------------- 
episode: 19984
[[ 0.  0.  0.]
 [ 0.  0.  0.]
 [ 0.  0.  0.]]
[[ 0.3438   0.34294  0.34413]
 [ 0.34144  0.34448  0.34129]
 [ 0.34455  0.34345  0.34413]]
[[ 0.  0.  0.]
 [ 0.  0.  0.]
 [ 1.  0.  0.]]
[[ 0.06783  0.06066  0.04623]
 [ 0.04223  0.07449  0.0653 ]
 [ 0.       0.05099  0.06537]]
[[ 0.  0.  0.]
 [ 0.  2.  0.]
 [ 1.  0.  0.]]
[[ 0.51329  0.44466  0.26171]
 [ 0.54664  0.       0.51171]
 [ 0.       0.49876  0.50074]]
[[ 0.  0.  0.]
 [ 1.  2.  0.]
 [ 1.  0.  0.]]
[[ 0.57094  0.48043  0.48043]
 [ 0.       0.       0.48043]
 [ 0.       0.4434   0.57094]]
[[ 0.  0.  0.]
 [ 1.  2.  0.]
 [ 1.  0.  2.]]
[[ 1.74536  0.22474  2.22474]
 [ 0.       0.       0.74536]
 [ 0.       0.22474  0.     ]]
[[ 0.  0.  1.]
 [ 1.  2.  0.]
 [ 1.  0.  2.]]
[[ 1.72169  0.25     0.     ]
 [ 0.       0.       0.25   ]
 [ 0.       0.25     0.     ]]
You Lose!
[[ 2.  0.  1.]
 [ 1.  2.  0.]
 [ 1.  0.  2.]]
--------------- 
episode: 19985
[[ 0.  0.  0.]
 [ 0.  0.  0.]
 [ 0.  0.  0.]]
[[ 0.34381  0.34295  0.34413]
 [ 0.34145  0.34448  0.3413 ]
 [ 0.34267  0.34345  0.34413]]
[[ 0.  0.  0.]
 [ 0.  2.  0.]
 [ 0.  0.  0.]]
[[-0.31831 -0.3076  -0.36828]
 [-0.31479  0.      -0.33802]
 [-0.25125 -0.30073 -0.38189]]
[[ 0.  0.  0.]
 [ 0.  2.  0.]
 [ 1.  0.  0.]]
[[ 0.31988  0.31724  0.31997]
 [ 0.31957  0.       0.31782]
 [ 0.       0.31978  0.31984]]
[[ 0.  0.  2.]
 [ 0.  2.  0.]
 [ 1.  0.  0.]]
[[-0.00452 -0.00972  0.     ]
 [-0.00948  0.      -0.00962]
 [ 0.      -0.01044  0.0229 ]]
[[ 0.  0.  2.]
 [ 0.  2.  0.]
 [ 1.  0.  1.]]
[[ 0.37126  0.43468  0.     ]
 [ 0.36801  0.       0.40113]
 [ 0.       0.45324  0.     ]]
[[ 0.  0.  2.]
 [ 0.  2.  0.]
 [ 1.  2.  1.]]
[[-0.05992 -0.01018  0.     ]
 [ 0.04524  0.      -0.00609]
 [ 0.       0.       0.     ]]
[[ 0.  0.  2.]
 [ 1.  2.  0.]
 [ 1.  2.  1.]]
[[ 1.24073  1.39483  0.     ]
 [ 0.       0.       0.90939]
 [ 0.       0.       0.     ]]
You Lose!
[[ 0.  2.  2.]
 [ 1.  2.  0.]
 [ 1.  2.  1.]]
--------------- 
episode: 19986
[[ 0.  0.  0.]
 [ 0.  0.  0.]
 [ 0.  0.  0.]]
[[ 0.34381  0.34296  0.34414]
 [ 0.34145  0.34453  0.3413 ]
 [ 0.34267  0.34346  0.34414]]
[[ 0.  0.  0.]
 [ 0.  2.  0.]
 [ 0.  0.  0.]]
[[-0.3183  -0.30758 -0.36827]
 [-0.31477  0.      -0.338  ]
 [-0.25138 -0.30071 -0.38189]]
[[ 0.  0.  0.]
 [ 0.  2.  0.]
 [ 1.  0.  0.]]
[[ 0.31988  0.31726  0.32146]
 [ 0.31958  0.       0.31783]
 [ 0.       0.31978  0.31985]]
[[ 0.  0.  2.]
 [ 0.  2.  0.]
 [ 1.  0.  0.]]
[[-0.00437 -0.00914  0.     ]
 [-0.00901  0.      -0.00906]
 [ 0.      -0.01007  0.0151 ]]
[[ 0.  0.  2.]
 [ 0.  2.  0.]
 [ 1.  0.  1.]]
[[ 0.37435  0.43722  0.     ]
 [ 0.37055  0.       0.40447]
 [ 0.       0.45804  0.     ]]
[[ 0.  0.  2.]
 [ 0.  2.  0.]
 [ 1.  2.  1.]]
[[-0.05651 -0.00889  0.     ]
 [-0.00325  0.      -0.00325]
 [ 0.       0.       0.     ]]
[[ 0.  0.  2.]
 [ 1.  2.  0.]
 [ 1.  2.  1.]]
[[ 1.26353  1.36851  0.     ]
 [ 0.       0.       0.95432]
 [ 0.       0.       0.     ]]
You Lose!
[[ 0.  2.  2.]
 [ 1.  2.  0.]
 [ 1.  2.  1.]]
--------------- 
episode: 19987
[[ 0.  0.  0.]
 [ 0.  0.  0.]
 [ 0.  0.  0.]]
[[ 0.34381  0.34296  0.34414]
 [ 0.34146  0.34457  0.34131]
 [ 0.34268  0.34347  0.34414]]
[[ 0.  0.  0.]
 [ 0.  1.  0.]
 [ 0.  0.  0.]]
[[-0.36825 -0.32995 -0.26306]
 [-0.30567  0.      -0.3266 ]
 [-0.38388 -0.33152 -0.37904]]
[[ 0.  0.  2.]
 [ 0.  1.  0.]
 [ 0.  0.  0.]]
[[ 0.33528  0.33457  0.     ]
 [ 0.33452  0.       0.33461]
 [ 0.33424  0.33365  0.33468]]
[[ 1.  0.  2.]
 [ 0.  1.  0.]
 [ 0.  0.  0.]]
[[ 0.      -0.09742  0.     ]
 [-0.08704  0.      -0.08469]
 [-0.10155 -0.09365 -0.07639]]
[[ 1.  0.  2.]
 [ 0.  1.  0.]
 [ 0.  0.  2.]]
[[ 0.       0.27668  0.     ]
 [ 0.25476  0.       0.29186]
 [ 0.25476  0.26425  0.     ]]
[[ 1.  0.  2.]
 [ 0.  1.  1.]
 [ 0.  0.  2.]]
[[ 0.      -0.0715   0.     ]
 [-0.05625  0.       0.     ]
 [-0.0859  -0.06735  0.     ]]
[[ 1.  0.  2.]
 [ 2.  1.  1.]
 [ 0.  0.  2.]]
[[ 0.       0.27266  0.     ]
 [ 0.       0.       0.     ]
 [ 0.27109  0.2722   0.     ]]
[[ 1.  1.  2.]
 [ 2.  1.  1.]
 [ 0.  0.  2.]]
[[ 0.       0.       0.     ]
 [ 0.       0.       0.     ]
 [ 0.04491  0.0678   0.     ]]
[[ 1.  1.  2.]
 [ 2.  1.  1.]
 [ 0.  2.  2.]]
[[ 0.  0.  0.]
 [ 0.  0.  0.]
 [ 0.  0.  0.]]
Draw!
[[ 1.  1.  2.]
 [ 2.  1.  1.]
 [ 1.  2.  2.]]
--------------- 
episode: 19988
[[ 0.  0.  0.]
 [ 0.  0.  0.]
 [ 0.  0.  0.]]
[[ 0.34382  0.34297  0.34414]
 [ 0.34146  0.34455  0.34131]
 [ 0.34268  0.34347  0.34414]]
[[ 0.  0.  0.]
 [ 0.  2.  0.]
 [ 0.  0.  0.]]
[[-0.31828 -0.30756 -0.36826]
 [-0.31476  0.      -0.33799]
 [-0.25152 -0.30069 -0.38189]]
[[ 0.  0.  0.]
 [ 0.  2.  0.]
 [ 1.  0.  0.]]
[[ 0.31989  0.31728  0.32294]
 [ 0.31958  0.       0.31785]
 [ 0.       0.31979  0.31986]]
[[ 0.  0.  2.]
 [ 0.  2.  0.]
 [ 1.  0.  0.]]
[[-0.00422 -0.00857  0.     ]
 [-0.00853  0.      -0.00849]
 [ 0.      -0.00971  0.00742]]
[[ 0.  0.  2.]
 [ 0.  2.  0.]
 [ 1.  0.  1.]]
[[ 0.37744  0.43975  0.     ]
 [ 0.37308  0.       0.4078 ]
 [ 0.       0.46276  0.     ]]
[[ 0.  0.  2.]
 [ 0.  2.  0.]
 [ 1.  2.  1.]]
[[-0.05311 -0.0076   0.     ]
 [-0.04743  0.      -0.00041]
 [ 0.       0.       0.     ]]
[[ 0.  0.  2.]
 [ 0.  2.  1.]
 [ 1.  2.  1.]]
[[ 1.33308  1.30387  0.     ]
 [ 1.16641  0.       0.     ]
 [ 0.       0.       0.     ]]
[[ 2.  0.  2.]
 [ 0.  2.  1.]
 [ 1.  2.  1.]]
[[ 0.       0.38273  0.     ]
 [ 0.38321  0.       0.     ]
 [ 0.       0.       0.     ]]
[[ 2.  0.  2.]
 [ 1.  2.  1.]
 [ 1.  2.  1.]]
[[ 0.  1.  0.]
 [ 0.  0.  0.]
 [ 0.  0.  0.]]
You Lose!
[[ 2.  2.  2.]
 [ 1.  2.  1.]
 [ 1.  2.  1.]]
--------------- 
episode: 19989
[[ 0.  0.  0.]
 [ 0.  0.  0.]
 [ 0.  0.  0.]]
[[ 0.34382  0.34297  0.34414]
 [ 0.34147  0.34459  0.34132]
 [ 0.34268  0.34348  0.34414]]
[[ 0.  0.  0.]
 [ 0.  2.  0.]
 [ 0.  0.  0.]]
[[-0.31826 -0.30754 -0.36825]
 [-0.31474  0.      -0.33798]
 [-0.25166 -0.30067 -0.38188]]
[[ 0.  0.  0.]
 [ 0.  2.  0.]
 [ 1.  0.  0.]]
[[ 0.3199   0.31729  0.32441]
 [ 0.31959  0.       0.31787]
 [ 0.       0.31979  0.31987]]
[[ 0.  0.  2.]
 [ 0.  2.  0.]
 [ 1.  0.  0.]]
[[-0.00407 -0.00799  0.     ]
 [-0.00806  0.      -0.00793]
 [ 0.      -0.00935 -0.00015]]
[[ 0.  0.  2.]
 [ 0.  2.  0.]
 [ 1.  0.  1.]]
[[ 0.38051  0.44227  0.     ]
 [ 0.3756   0.       0.41112]
 [ 0.       0.4674   0.     ]]
[[ 0.  0.  2.]
 [ 0.  2.  0.]
 [ 1.  2.  1.]]
[[-0.04973 -0.00633  0.     ]
 [-0.04472  0.      -0.04472]
 [ 0.       0.       0.     ]]
[[ 0.  1.  2.]
 [ 0.  2.  0.]
 [ 1.  2.  1.]]
[[ 0.57335  0.       0.     ]
 [ 0.58575  0.       0.59491]
 [ 0.       0.       0.     ]]
[[ 0.  1.  2.]
 [ 0.  2.  2.]
 [ 1.  2.  1.]]
[[ 0.18546  0.       0.     ]
 [ 0.22206  0.       0.     ]
 [ 0.       0.       0.     ]]
[[ 0.  1.  2.]
 [ 1.  2.  2.]
 [ 1.  2.  1.]]
[[ 0.  0.  0.]
 [ 0.  0.  0.]
 [ 0.  0.  0.]]
Draw!
[[ 2.  1.  2.]
 [ 1.  2.  2.]
 [ 1.  2.  1.]]
--------------- 
episode: 19990
[[ 0.  0.  0.]
 [ 0.  0.  0.]
 [ 0.  0.  0.]]
[[ 0.34382  0.34298  0.34415]
 [ 0.34148  0.34457  0.34133]
 [ 0.34268  0.34348  0.34415]]
[[ 0.  0.  0.]
 [ 0.  1.  0.]
 [ 0.  0.  0.]]
[[-0.36824 -0.32993 -0.26301]
 [-0.30565  0.      -0.32658]
 [-0.38388 -0.3315  -0.37904]]
[[ 0.  0.  2.]
 [ 0.  1.  0.]
 [ 0.  0.  0.]]
[[ 0.33473  0.33458  0.     ]
 [ 0.33454  0.       0.33461]
 [ 0.33425  0.33367  0.33469]]
[[ 1.  0.  2.]
 [ 0.  1.  0.]
 [ 0.  0.  0.]]
[[ 0.      -0.0968   0.     ]
 [-0.08648  0.      -0.08429]
 [-0.10091 -0.09306 -0.07622]]
[[ 1.  0.  2.]
 [ 0.  1.  0.]
 [ 0.  0.  2.]]
[[ 0.       0.27771  0.     ]
 [ 0.25571  0.       0.29107]
 [ 0.25571  0.26511  0.     ]]
[[ 1.  0.  2.]
 [ 0.  1.  1.]
 [ 0.  0.  2.]]
[[ 0.      -0.07059  0.     ]
 [-0.05604  0.       0.     ]
 [-0.08479 -0.0665   0.     ]]
[[ 1.  0.  2.]
 [ 2.  1.  1.]
 [ 0.  0.  2.]]
[[ 0.       0.27152  0.     ]
 [ 0.       0.       0.     ]
 [ 0.27138  0.27238  0.     ]]
[[ 1.  0.  2.]
 [ 2.  1.  1.]
 [ 0.  1.  2.]]
[[ 0.       0.06871  0.     ]
 [ 0.       0.       0.     ]
 [ 0.06046  0.       0.     ]]
[[ 1.  2.  2.]
 [ 2.  1.  1.]
 [ 0.  1.  2.]]
[[ 0.  0.  0.]
 [ 0.  0.  0.]
 [ 0.  0.  0.]]
Draw!
[[ 1.  2.  2.]
 [ 2.  1.  1.]
 [ 1.  1.  2.]]
--------------- 
episode: 19991
[[ 0.  0.  0.]
 [ 0.  0.  0.]
 [ 0.  0.  0.]]
[[ 0.34383  0.34298  0.34415]
 [ 0.34148  0.34454  0.34133]
 [ 0.34269  0.34349  0.34415]]
[[ 0.  0.  0.]
 [ 0.  2.  0.]
 [ 0.  0.  0.]]
[[-0.31825 -0.30752 -0.36825]
 [-0.31472  0.      -0.33797]
 [-0.25161 -0.30065 -0.38188]]
[[ 0.  0.  0.]
 [ 0.  2.  0.]
 [ 1.  0.  0.]]
[[ 0.31991  0.31731  0.3237 ]
 [ 0.31959  0.       0.31788]
 [ 0.       0.31979  0.31987]]
[[ 0.  0.  2.]
 [ 0.  2.  0.]
 [ 1.  0.  0.]]
[[-0.00392 -0.00741  0.     ]
 [-0.00759  0.      -0.00737]
 [ 0.      -0.00898 -0.00014]]
[[ 0.  0.  2.]
 [ 0.  2.  0.]
 [ 1.  0.  1.]]
[[ 0.38357  0.44479  0.     ]
 [ 0.37812  0.       0.41443]
 [ 0.       0.46341  0.     ]]
[[ 0.  0.  2.]
 [ 0.  2.  0.]
 [ 1.  2.  1.]]
[[-0.04637 -0.00619  0.     ]
 [-0.04202  0.      -0.04202]
 [ 0.       0.       0.     ]]
[[ 0.  1.  2.]
 [ 0.  2.  0.]
 [ 1.  2.  1.]]
[[ 0.57692  0.       0.     ]
 [ 0.58822  0.       0.58024]
 [ 0.       0.       0.     ]]
[[ 0.  1.  2.]
 [ 2.  2.  0.]
 [ 1.  2.  1.]]
[[ 0.21626  0.       0.     ]
 [ 0.       0.       0.21123]
 [ 0.       0.       0.     ]]
[[ 1.  1.  2.]
 [ 2.  2.  0.]
 [ 1.  2.  1.]]
[[ 0.  0.  0.]
 [ 0.  0.  1.]
 [ 0.  0.  0.]]
You Lose!
[[ 1.  1.  2.]
 [ 2.  2.  2.]
 [ 1.  2.  1.]]
--------------- 
episode: 19992
[[ 0.  0.  0.]
 [ 0.  0.  0.]
 [ 0.  0.  0.]]
[[ 0.34383  0.34299  0.34415]
 [ 0.34149  0.34459  0.34134]
 [ 0.34269  0.34349  0.34415]]
[[ 0.  0.  0.]
 [ 0.  2.  0.]
 [ 0.  0.  0.]]
[[-0.31823 -0.3075  -0.36824]
 [-0.3147   0.      -0.33795]
 [-0.25175 -0.30063 -0.38187]]
[[ 0.  0.  0.]
 [ 0.  2.  0.]
 [ 1.  0.  0.]]
[[ 0.31992  0.31733  0.32517]
 [ 0.31959  0.       0.3179 ]
 [ 0.       0.3198   0.31988]]
[[ 0.  0.  2.]
 [ 0.  2.  0.]
 [ 1.  0.  0.]]
[[-0.00377 -0.00684  0.     ]
 [-0.00711  0.      -0.00681]
 [ 0.      -0.00862 -0.00754]]
[[ 1.  0.  2.]
 [ 0.  2.  0.]
 [ 1.  0.  0.]]
[[ 0.       0.35082  0.     ]
 [ 0.3994   0.       0.46077]
 [ 0.       0.37744  0.37206]]
[[ 1.  0.  2.]
 [ 0.  2.  2.]
 [ 1.  0.  0.]]
[[ 0.       0.50231  0.     ]
 [ 1.20833  0.       0.     ]
 [ 0.       1.33854  1.33854]]
[[ 1.  0.  2.]
 [ 0.  2.  2.]
 [ 1.  0.  1.]]
[[ 0.       0.86337  0.     ]
 [ 1.4714   0.       0.     ]
 [ 0.       0.86337  0.     ]]
You Lose!
[[ 1.  0.  2.]
 [ 2.  2.  2.]
 [ 1.  0.  1.]]
--------------- 
episode: 19993
[[ 0.  0.  0.]
 [ 0.  0.  0.]
 [ 0.  0.  0.]]
[[ 0.34383  0.343    0.34416]
 [ 0.34149  0.34463  0.34134]
 [ 0.34269  0.3435   0.34416]]
[[ 0.  0.  0.]
 [ 0.  2.  0.]
 [ 0.  0.  0.]]
[[-0.31821 -0.30749 -0.36823]
 [-0.31469  0.      -0.33794]
 [-0.25189 -0.30061 -0.38187]]
[[ 0.  0.  0.]
 [ 0.  2.  0.]
 [ 1.  0.  0.]]
[[ 0.31993  0.31734  0.32663]
 [ 0.3196   0.       0.31791]
 [ 0.       0.3198   0.31989]]
[[ 0.  0.  2.]
 [ 0.  2.  0.]
 [ 1.  0.  0.]]
[[-0.00992 -0.00627  0.     ]
 [-0.00664  0.      -0.00625]
 [ 0.      -0.00826 -0.00737]]
[[ 0.  0.  2.]
 [ 0.  2.  1.]
 [ 1.  0.  0.]]
[[ 1.04987  1.04987  0.     ]
 [ 0.96254  0.       0.     ]
 [ 0.       0.97496  0.94761]]
[[ 2.  0.  2.]
 [ 0.  2.  1.]
 [ 1.  0.  0.]]
[[ 0.       0.23333  0.     ]
 [ 0.03078  0.       0.     ]
 [ 0.       0.02494  0.02494]]
[[ 2.  1.  2.]
 [ 0.  2.  1.]
 [ 1.  0.  0.]]
[[ 0.       0.       0.     ]
 [ 1.68728  0.       0.     ]
 [ 0.       1.96985  1.74535]]
[[ 2.  1.  2.]
 [ 0.  2.  1.]
 [ 1.  2.  0.]]
[[ 0.       0.       0.     ]
 [ 0.36216  0.       0.     ]
 [ 0.       0.       0.33072]]
[[ 2.  1.  2.]
 [ 1.  2.  1.]
 [ 1.  2.  0.]]
[[ 0.  0.  0.]
 [ 0.  0.  0.]
 [ 0.  0.  1.]]
You Lose!
[[ 2.  1.  2.]
 [ 1.  2.  1.]
 [ 1.  2.  2.]]
--------------- 
episode: 19994
[[ 0.  0.  0.]
 [ 0.  0.  0.]
 [ 0.  0.  0.]]
[[ 0.34383  0.343    0.34416]
 [ 0.3415   0.34467  0.34135]
 [ 0.3427   0.3435   0.34416]]
[[ 0.  0.  0.]
 [ 0.  1.  0.]
 [ 0.  0.  0.]]
[[-0.36823 -0.32992 -0.26296]
 [-0.30563  0.      -0.32657]
 [-0.38387 -0.33149 -0.37903]]
[[ 0.  0.  2.]
 [ 0.  1.  0.]
 [ 0.  0.  0.]]
[[ 0.33418  0.33458  0.     ]
 [ 0.33457  0.       0.33461]
 [ 0.33426  0.33369  0.3347 ]]
[[ 0.  0.  2.]
 [ 0.  1.  0.]
 [ 0.  0.  1.]]
[[-0.06405 -0.06708  0.     ]
 [-0.07324  0.      -0.09518]
 [-0.07358 -0.07821  0.     ]]
[[ 2.  0.  2.]
 [ 0.  1.  0.]
 [ 0.  0.  1.]]
[[ 0.       0.30488  0.     ]
 [ 0.26133  0.       0.26068]
 [ 0.24922  0.27227  0.     ]]
[[ 2.  1.  2.]
 [ 0.  1.  0.]
 [ 0.  0.  1.]]
[[ 0.       0.       0.     ]
 [-0.07001  0.      -0.07756]
 [-0.07756 -0.06198  0.     ]]
[[ 2.  1.  2.]
 [ 0.  1.  0.]
 [ 0.  2.  1.]]
[[ 0.       0.       0.     ]
 [ 0.27104  0.       0.27079]
 [ 0.27181  0.       0.     ]]
[[ 2.  1.  2.]
 [ 0.  1.  0.]
 [ 1.  2.  1.]]
[[ 0.       0.       0.     ]
 [ 0.27277  0.       0.26795]
 [ 0.       0.       0.     ]]
[[ 2.  1.  2.]
 [ 2.  1.  0.]
 [ 1.  2.  1.]]
[[ 0.  0.  0.]
 [ 0.  0.  0.]
 [ 0.  0.  0.]]
Draw!
[[ 2.  1.  2.]
 [ 2.  1.  1.]
 [ 1.  2.  1.]]
--------------- 
episode: 19995
[[ 0.  0.  0.]
 [ 0.  0.  0.]
 [ 0.  0.  0.]]
[[ 0.34384  0.34301  0.34416]
 [ 0.34151  0.34465  0.34135]
 [ 0.3427   0.34351  0.34416]]
[[ 0.  0.  0.]
 [ 0.  2.  0.]
 [ 0.  0.  0.]]
[[-0.31819 -0.30747 -0.36823]
 [-0.31467  0.      -0.33793]
 [-0.25203 -0.30059 -0.38186]]
[[ 0.  0.  0.]
 [ 0.  2.  0.]
 [ 1.  0.  0.]]
[[ 0.31993  0.31736  0.32808]
 [ 0.3196   0.       0.31793]
 [ 0.       0.3198   0.3199 ]]
[[ 0.  0.  2.]
 [ 0.  2.  0.]
 [ 1.  0.  0.]]
[[-0.00977 -0.00569  0.     ]
 [-0.00617  0.      -0.0335 ]
 [ 0.      -0.0079  -0.00721]]
[[ 0.  1.  2.]
 [ 0.  2.  0.]
 [ 1.  0.  0.]]
[[ 0.98974  0.       0.     ]
 [ 1.00302  0.       1.03265]
 [ 0.       0.96667  1.06449]]
[[ 0.  1.  2.]
 [ 0.  2.  0.]
 [ 1.  0.  2.]]
[[ 0.02326  0.       0.     ]
 [ 0.08972  0.       0.08388]
 [ 0.      -0.11612  0.     ]]
[[ 0.  1.  2.]
 [ 1.  2.  0.]
 [ 1.  0.  2.]]
[[ 1.66666  0.       0.     ]
 [ 0.       0.       1.93169]
 [ 0.       1.20477  0.     ]]
You Lose!
[[ 0.  1.  2.]
 [ 1.  2.  2.]
 [ 1.  0.  2.]]
--------------- 
episode: 19996
[[ 0.  0.  0.]
 [ 0.  0.  0.]
 [ 0.  0.  0.]]
[[ 0.34384  0.34301  0.34416]
 [ 0.34151  0.34469  0.34136]
 [ 0.3427   0.34352  0.34416]]
[[ 0.  0.  0.]
 [ 0.  2.  0.]
 [ 0.  0.  0.]]
[[-0.31818 -0.30745 -0.36822]
 [-0.31465  0.      -0.33791]
 [-0.25217 -0.30058 -0.38186]]
[[ 0.  0.  0.]
 [ 0.  2.  0.]
 [ 1.  0.  0.]]
[[ 0.31994  0.31738  0.32952]
 [ 0.3196   0.       0.31795]
 [ 0.       0.31981  0.31991]]
[[ 0.  0.  2.]
 [ 0.  2.  0.]
 [ 1.  0.  0.]]
[[-0.00962 -0.03371  0.     ]
 [-0.0057   0.      -0.03295]
 [ 0.      -0.00754 -0.00704]]
[[ 0.  0.  2.]
 [ 1.  2.  0.]
 [ 1.  0.  0.]]
[[ 0.93903  0.84164  0.     ]
 [ 0.       0.       0.84164]
 [ 0.       0.59164  0.93678]]
[[ 2.  0.  2.]
 [ 1.  2.  0.]
 [ 1.  0.  0.]]
[[ 0.      -0.11553  0.     ]
 [ 0.       0.      -0.15857]
 [ 0.      -0.15857 -0.11553]]
[[ 2.  0.  2.]
 [ 1.  2.  0.]
 [ 1.  0.  1.]]
[[ 0.       1.3402   0.     ]
 [ 0.       0.       1.15164]
 [ 0.       1.20184  0.     ]]
You Lose!
[[ 2.  2.  2.]
 [ 1.  2.  0.]
 [ 1.  0.  1.]]
--------------- 
episode: 19997
[[ 0.  0.  0.]
 [ 0.  0.  0.]
 [ 0.  0.  0.]]
[[ 0.34384  0.34302  0.34417]
 [ 0.34152  0.34473  0.34136]
 [ 0.3427   0.34352  0.34417]]
[[ 0.  0.  0.]
 [ 0.  1.  0.]
 [ 0.  0.  0.]]
[[-0.36823 -0.3299  -0.2629 ]
 [-0.30561  0.      -0.32655]
 [-0.38387 -0.33147 -0.37902]]
[[ 0.  0.  2.]
 [ 0.  1.  0.]
 [ 0.  0.  0.]]
[[ 0.33419  0.33459  0.     ]
 [ 0.33459  0.       0.33462]
 [ 0.33426  0.33372  0.33411]]
[[ 0.  0.  2.]
 [ 0.  1.  1.]
 [ 0.  0.  0.]]
[[-0.19052 -0.19471  0.     ]
 [-0.18201  0.       0.     ]
 [-0.19265 -0.18221 -0.19741]]
[[ 0.  0.  2.]
 [ 2.  1.  1.]
 [ 0.  0.  0.]]
[[ 0.32816  0.32856  0.     ]
 [ 0.       0.       0.     ]
 [ 0.32712  0.32852  0.31562]]
[[ 0.  1.  2.]
 [ 2.  1.  1.]
 [ 0.  0.  0.]]
[[-0.05288  0.       0.     ]
 [ 0.       0.       0.     ]
 [-0.06308 -0.0436  -0.0571 ]]
[[ 0.  1.  2.]
 [ 2.  1.  1.]
 [ 0.  2.  0.]]
[[ 0.27215  0.       0.     ]
 [ 0.       0.       0.     ]
 [ 0.27227  0.       0.27093]]
[[ 0.  1.  2.]
 [ 2.  1.  1.]
 [ 1.  2.  0.]]
[[ 0.2926   0.       0.     ]
 [ 0.       0.       0.     ]
 [ 0.       0.       0.28666]]
[[ 2.  1.  2.]
 [ 2.  1.  1.]
 [ 1.  2.  0.]]
[[ 0.  0.  0.]
 [ 0.  0.  0.]
 [ 0.  0.  0.]]
Draw!
[[ 2.  1.  2.]
 [ 2.  1.  1.]
 [ 1.  2.  1.]]
--------------- 
episode: 19998
[[ 0.  0.  0.]
 [ 0.  0.  0.]
 [ 0.  0.  0.]]
[[ 0.34385  0.34303  0.34417]
 [ 0.34152  0.34471  0.34137]
 [ 0.34271  0.34353  0.34417]]
[[ 0.  0.  0.]
 [ 0.  1.  0.]
 [ 0.  0.  0.]]
[[-0.36822 -0.32989 -0.26285]
 [-0.30559  0.      -0.32654]
 [-0.38386 -0.33146 -0.37902]]
[[ 0.  0.  2.]
 [ 0.  1.  0.]
 [ 0.  0.  0.]]
[[ 0.3342   0.33459  0.     ]
 [ 0.33461  0.       0.33437]
 [ 0.33427  0.33374  0.33412]]
[[ 0.  0.  2.]
 [ 1.  1.  0.]
 [ 0.  0.  0.]]
[[ 0.09614  0.076    0.     ]
 [ 0.       0.       0.13475]
 [ 0.08032  0.11107  0.10574]]
[[ 0.  0.  2.]
 [ 1.  1.  2.]
 [ 0.  0.  0.]]
[[ 0.19057  0.19285  0.     ]
 [ 0.       0.       0.     ]
 [ 0.21503  0.14875  0.21809]]
[[ 0.  0.  2.]
 [ 1.  1.  2.]
 [ 0.  0.  1.]]
[[ 0.23168  0.205    0.     ]
 [ 0.       0.       0.     ]
 [ 0.15887  0.22111  0.     ]]
[[ 2.  0.  2.]
 [ 1.  1.  2.]
 [ 0.  0.  1.]]
[[ 0.       0.31113  0.     ]
 [ 0.       0.       0.     ]
 [ 0.22194  0.26204  0.     ]]
[[ 2.  1.  2.]
 [ 1.  1.  2.]
 [ 0.  0.  1.]]
[[ 0.       0.       0.     ]
 [ 0.       0.       0.     ]
 [ 0.17966  0.16694  0.     ]]
[[ 2.  1.  2.]
 [ 1.  1.  2.]
 [ 2.  0.  1.]]
[[ 0.  0.  0.]
 [ 0.  0.  0.]
 [ 0.  1.  0.]]
You Win!
[[ 2.  1.  2.]
 [ 1.  1.  2.]
 [ 2.  1.  1.]]
--------------- 
episode: 19999
[[ 0.  0.  0.]
 [ 0.  0.  0.]
 [ 0.  0.  0.]]
[[ 0.34385  0.34303  0.34417]
 [ 0.34153  0.34475  0.34137]
 [ 0.34271  0.34353  0.34417]]
[[ 0.  0.  0.]
 [ 0.  2.  0.]
 [ 0.  0.  0.]]
[[-0.31816 -0.30743 -0.36821]
 [-0.31464  0.      -0.3379 ]
 [-0.2523  -0.30056 -0.38185]]
[[ 0.  0.  0.]
 [ 0.  2.  0.]
 [ 1.  0.  0.]]
[[ 0.31995  0.3174   0.33096]
 [ 0.31961  0.       0.31796]
 [ 0.       0.31981  0.31991]]
[[ 0.  0.  2.]
 [ 0.  2.  0.]
 [ 1.  0.  0.]]
[[-0.00948 -0.03315  0.     ]
 [-0.02861  0.      -0.03241]
 [ 0.      -0.00717 -0.00687]]
[[ 0.  0.  2.]
 [ 0.  2.  0.]
 [ 1.  0.  1.]]
[[ 0.38663  0.44729  0.     ]
 [ 0.38062  0.       0.41773]
 [ 0.       0.46796  0.     ]]
[[ 0.  0.  2.]
 [ 0.  2.  0.]
 [ 1.  2.  1.]]
[[-0.04302 -0.02168  0.     ]
 [-0.03934  0.      -0.03934]
 [ 0.       0.       0.     ]]
[[ 0.  1.  2.]
 [ 0.  2.  0.]
 [ 1.  2.  1.]]
[[ 0.58047  0.       0.     ]
 [ 0.5982   0.       0.58273]
 [ 0.       0.       0.     ]]
[[ 0.  1.  2.]
 [ 2.  2.  0.]
 [ 1.  2.  1.]]
[[ 0.12938  0.       0.     ]
 [ 0.       0.       0.21985]
 [ 0.       0.       0.     ]]
[[ 0.  1.  2.]
 [ 2.  2.  1.]
 [ 1.  2.  1.]]
[[ 0.  0.  0.]
 [ 0.  0.  0.]
 [ 0.  0.  0.]]
Draw!
[[ 2.  1.  2.]
 [ 2.  2.  1.]
 [ 1.  2.  1.]]
--------------- 
episode: 20000
[[ 0.  0.  0.]
 [ 0.  0.  0.]
 [ 0.  0.  0.]]
[[ 0.34385  0.34304  0.34417]
 [ 0.34154  0.34473  0.34138]
 [ 0.34271  0.34354  0.34417]]
[[ 0.  0.  0.]
 [ 0.  2.  0.]
 [ 0.  0.  0.]]
[[-0.31814 -0.30741 -0.3682 ]
 [-0.31462  0.      -0.33789]
 [-0.25226 -0.30054 -0.38185]]
[[ 0.  0.  0.]
 [ 0.  2.  0.]
 [ 1.  0.  0.]]
[[ 0.31996  0.31741  0.33025]
 [ 0.31961  0.       0.31798]
 [ 0.       0.31982  0.31992]]
[[ 0.  0.  2.]
 [ 0.  2.  0.]
 [ 1.  0.  0.]]
[[-0.00933 -0.03259  0.     ]
 [-0.02815  0.      -0.03187]
 [ 0.      -0.00681 -0.00681]]
[[ 0.  0.  2.]
 [ 0.  2.  0.]
 [ 1.  0.  1.]]
[[ 0.38968  0.44979  0.     ]
 [ 0.38312  0.       0.42102]
 [ 0.       0.46403  0.     ]]
[[ 0.  0.  2.]
 [ 0.  2.  0.]
 [ 1.  2.  1.]]
[[-0.03968 -0.02131  0.     ]
 [-0.03667  0.      -0.03667]
 [ 0.       0.       0.     ]]
[[ 0.  1.  2.]
 [ 0.  2.  0.]
 [ 1.  2.  1.]]
[[ 0.584    0.       0.     ]
 [ 0.58446  0.       0.58521]
 [ 0.       0.       0.     ]]
[[ 0.  1.  2.]
 [ 0.  2.  2.]
 [ 1.  2.  1.]]
[[ 0.20096  0.       0.     ]
 [ 0.21651  0.       0.     ]
 [ 0.       0.       0.     ]]
[[ 0.  1.  2.]
 [ 1.  2.  2.]
 [ 1.  2.  1.]]
[[ 0.  0.  0.]
 [ 0.  0.  0.]
 [ 0.  0.  0.]]
Draw!
[[ 2.  1.  2.]
 [ 1.  2.  2.]
 [ 1.  2.  1.]]
--------------- 
Win: 6801 Lose: 6672 Draw: 6527 Winrate: 34.0% PlayMarkO: 10029 WinMarkO: 5006
[Finished in 34675.3s]
